20 20
7 9
10 0
0 0 0 1 1 0 1 1 0 0 1 0 0 1 1 1 0 1 0 1 
0 1 1 1 1 1 1 0 0 0 1 1 0 1 0 1 1 1 1 1 
0 1 1 0 1 1 0 0 0 0 0 0 1 0 1 1 1 0 1 1 
0 1 1 1 1 1 0 1 1 0 0 0 1 0 0 0 0 1 0 0 
0 0 0 0 0 0 0 1 1 0 0 0 0 0 1 1 0 0 1 0 
0 1 0 0 1 1 1 1 0 1 1 1 0 1 1 1 0 0 0 1 
0 1 1 0 0 1 0 0 1 1 1 1 0 0 1 0 0 1 0 1 
1 0 1 0 1 1 1 1 1 0 1 0 0 1 0 0 0 1 1 0 
0 1 0 1 0 1 1 1 1 0 0 0 0 1 1 0 0 0 0 0 
1 1 0 1 1 0 0 0 1 0 0 0 0 0 1 0 1 0 0 0 
0 0 0 0 0 0 0 1 1 1 0 0 0 0 0 0 0 0 1 1 
0 0 0 0 1 1 0 0 0 0 0 1 0 0 0 0 0 1 0 1 
1 1 1 0 0 1 0 0 1 1 1 1 1 0 1 1 1 0 0 1 
0 0 1 0 0 0 1 1 0 0 1 0 1 0 1 0 1 0 0 1 
1 0 0 0 1 0 1 0 1 0 0 1 0 0 1 1 1 0 0 1 
0 1 0 1 0 1 1 1 1 0 1 0 0 0 0 0 1 0 0 0 
0 1 0 0 0 1 0 0 1 0 1 1 1 0 0 1 1 0 1 1 
1 1 1 0 1 0 0 0 0 0 1 1 1 0 0 0 0 0 1 0 
0 0 1 0 1 1 0 1 0 0 1 1 0 0 1 0 1 0 1 1 
1 1 0 0 1 1 1 1 0 1 0 0 1 1 1 1 1 0 0 0


6 3
5 0
4 0
0 1 0 
0 1 1 
1 0 1 
0 1 1
1 0 1
0 0 0

5 4
1 0
4 3
0 1 0 0 
0 0 0 1
0 1 0 0
0 0 1 1
1 0 0 0

6 6
2 1
3 0
0 1 1 1 1 1 
0 1 1 1 1 1
1 0 1 0 0 1
0 1 1 1 0 1
1 0 1 1 0 1
0 0 0 0 0 0



6 6
1 0
4 3
0 1 0 0 0 0 
0 0 0 1 0 0
0 1 0 0 0 0
0 0 1 1 0 0
1 0 0 0 0 0
0 0 0 0 0 0

6 6
1 0
2 2
1 1 1 1 1 1 
0 1 1 1 1 1
0 1 0 0 0 1
0 0 1 1 0 1
1 0 1 1 0 1
0 0 0 0 0 0

6 6
1 0
1 0
1 1 1 1 1 1 
0 1 1 1 1 1
0 1 0 0 0 1
0 0 1 1 0 1
1 0 1 1 0 1
0 0 0 0 0 0

6 6
0 1
5 5
0 1 1 1 1 1 
0 1 1 1 1 1
1 0 1 0 0 1
0 1 1 1 0 1
1 0 1 1 0 1
0 0 0 0 0 0

6 6
0 0
5 5
0 1 1 1 1 1 
0 1 1 1 1 1
1 0 1 0 0 1
0 1 1 1 0 1
1 0 1 1 0 1
0 0 0 0 0 0